---- e , s , t ,  i , user|cpu - kilobytes ----
0 , 5 , 0 , 1 , 0.000000|0.006506 - 3716
1 , 5 , 0 , 1 , 0.000000|0.009756 - 5824
------------------
1 , 5 , 1 , 1 , 0.000000|0.014844 - 5852
------------------
1 , 5 , 2 , 1 , 0.000000|0.013268 - 5952
------------------
1 , 5 , 3 , 1 , 0.000000|0.015899 - 13160
------------------
1 , 5 , 4 , 1 , 0.000000|0.021305 - 29160
------------------
1 , 5 , 5 , 1 , 0.000000|0.056417 - 97216
---------^memoire^---------
0 , 0 , 0 , 500 , 0.000000|0.002386 - 644
0 , 2 , 0 , 500 , 0.000000|0.037657 - 672
0 , 4 , 0 , 500 , 0.875000|0.816468 - 1244
0 , 5 , 0 , 500 , 3.250000|3.278598 - 4352
0 , 6 , 0 , 500 , 10.125000|10.188343 - 16096
0 , 8 , 0 , 500 , 156.375000|156.420953 - 209720
------------------
1 , 0 , 1 , 500 , 0.000000|0.035310 - 2784
1 , 2 , 1 , 500 , 0.000000|0.094832 - 2784
1 , 2 , 5 , 500 , 3.000000|6.783824 - 95080
1 , 4 , 1 , 500 , 1.000000|1.946812 - 95080
1 , 4 , 5 , 500 , 3.750000|8.396957 - 172964
1 , 5 , 1 , 500 , 2.625000|6.914156 - 176404
1 , 5 , 5 , 500 , 6.250000|13.673701 - 260572
1 , 6 , 1 , 500 , 7.125000|20.103708 - 15084
1 , 6 , 5 , 500 , 12.000000|31.008675 - 98576
1 , 8 , 1 , 500 , 96.500000|284.939021 - 295624
1 , 8 , 5 , 500 , 111.625000|338.585137 - 377552
------------------
1 , 8 , 2 , 500 , 98.125000|286.800850 - 198636
