---- e , s , t ,  i , user|cpu - kilobytes ----
0 , 5 , 0 , 1 , 0.000000|0.005417 - 3716
------------------
1 , 5 , 0 , 1 , 0.000000|0.007653 - 3848
1 , 5 , 1 , 1 , 0.000000|0.012348 - 4140
1 , 5 , 2 , 1 , 0.000000|0.012109 - 5032
1 , 5 , 3 , 1 , 0.000000|0.012134 - 9124
1 , 5 , 4 , 1 , 0.000000|0.022084 - 29128
1 , 5 , 5 , 1 , 0.000000|0.047066 - 97132
------------------
2 , 5 , 0 , 1 , 0.000000|0.005613 - 8740
2 , 5 , 1 , 1 , 0.000000|0.013340 - 8764
2 , 5 , 2 , 1 , 0.000000|0.012408 - 8156
2 , 5 , 3 , 1 , 0.000000|0.014575 - 16072
2 , 5 , 4 , 1 , 0.000000|0.023243 - 31508
2 , 5 , 5 , 1 , 0.000000|0.051628 - 97932
---------^memoire^---------
0 , 0 , 0 , 500 , 0.000000|0.001838 - 640
0 , 2 , 0 , 500 , 0.000000|0.027105 - 668
0 , 4 , 0 , 500 , 0.750000|0.701475 - 1240
0 , 5 , 0 , 500 , 3.000000|2.876119 - 4544
0 , 6 , 0 , 500 , 8.375000|8.400804 - 16092
0 , 8 , 0 , 500 , 114.875000|114.817028 - 209556
------------------
1 , 0 , 1 , 500 , 0.000000|0.023898 - 1008
1 , 2 , 1 , 500 , 0.000000|0.079019 - 1376
1 , 2 , 5 , 500 , 2.125000|4.693313 - 95068
1 , 4 , 1 , 500 , 0.625000|1.274302 - 95068
1 , 4 , 5 , 500 , 2.500000|5.945572 - 181380
1 , 5 , 1 , 500 , 1.875000|5.426697 - 181380
1 , 5 , 5 , 500 , 4.125000|10.921386 - 261328
1 , 6 , 1 , 500 , 5.000000|16.987660 - 15088
1 , 6 , 5 , 500 , 8.875000|26.524618 - 107028
1 , 8 , 1 , 500 , 70.375000|268.719935 - 296012
1 , 8 , 5 , 500 , 79.000000|306.480213 - 377928
------------------
2 , 0 , 1 , 500 , 0.000000|0.036726 - 2796
2 , 2 , 1 , 500 , 0.000000|0.098546 - 2796
2 , 2 , 5 , 500 , 7.375000|10.392462 - 94868
2 , 4 , 1 , 500 , 0.500000|1.367892 - 94868
2 , 4 , 5 , 500 , 6.875000|11.691669 - 173068
2 , 5 , 1 , 500 , 1.500000|5.394237 - 176504
2 , 5 , 5 , 500 , 7.000000|16.708086 - 261728
2 , 6 , 1 , 500 , 4.750000|17.914970 - 25660
2 , 6 , 5 , 500 , 12.375000|33.450142 - 107916
2 , 8 , 1 , 500 , 69.000000|265.060914 - 305072
2 , 8 , 5 , 500 , 100.125000|318.950713 - 386936
------------------
